4.520230000000000103e+01 -1.239671500000000037e+02
4.519975666666666569e+01 -1.239783500000000060e+02
4.519808333333333650e+01 -1.239854833333333346e+02
4.519790833333333069e+01 -1.239861166666666605e+02
4.519702000000000197e+01 -1.239893399999999986e+02
4.518952500000000327e+01 -1.240201733333333323e+02
4.518845833333333672e+01 -1.240296366666666614e+02
4.518773166666666441e+01 -1.240525216666666637e+02
4.518712500000000176e+01 -1.240799766666666670e+02
4.518204333333333267e+01 -1.241270999999999987e+02
4.518182833333333548e+01 -1.241303666666666601e+02
4.517977333333332979e+01 -1.241616783333333274e+02
4.517974833333333606e+01 -1.241620716666666624e+02
4.517292166666666731e+01 -1.242660950000000071e+02
4.517291999999999774e+01 -1.242675133333333264e+02
4.517288333333333128e+01 -1.242901499999999970e+02
4.517198666666666895e+01 -1.243284100000000052e+02
4.517097333333333609e+01 -1.243414999999999964e+02
4.517008500000000026e+01 -1.243537766666666613e+02
4.516906000000000176e+01 -1.243653066666666689e+02
4.516795499999999919e+01 -1.243755083333333289e+02
4.516767833333333471e+01 -1.243787599999999998e+02
4.516732833333333019e+01 -1.243830049999999972e+02
4.516188666666666762e+01 -1.244447049999999990e+02
4.515664666666666704e+01 -1.244702000000000055e+02
4.514789833333333036e+01 -1.245310850000000045e+02
4.514797833333333443e+01 -1.245711516666666654e+02
4.514800166666666570e+01 -1.245833483333333334e+02
4.515597000000000349e+01 -1.246319000000000017e+02
4.516331999999999880e+01 -1.246538699999999977e+02
4.517027833333333575e+01 -1.246719666666666626e+02
4.518040833333333239e+01 -1.246937033333333318e+02
4.518620500000000106e+01 -1.247068233333333325e+02
4.519084000000000145e+01 -1.247244683333333342e+02
4.519248666666666736e+01 -1.247354050000000001e+02
4.519357166666666359e+01 -1.247453799999999973e+02
4.519241999999999848e+01 -1.247640150000000006e+02
4.518764500000000339e+01 -1.247822149999999937e+02
4.518075333333333532e+01 -1.247982800000000054e+02
4.517035333333333114e+01 -1.248144800000000032e+02
4.515574000000000154e+01 -1.248326316666666713e+02
4.514005166666666469e+01 -1.248610116666666698e+02
4.513284166666666408e+01 -1.248821599999999989e+02
4.512968000000000046e+01 -1.249045533333333395e+02
4.513062166666666997e+01 -1.249298116666666658e+02
4.513425166666666399e+01 -1.249476350000000053e+02
4.513871833333333683e+01 -1.249664800000000042e+02
4.514761666666666429e+01 -1.250007166666666620e+02
4.515088333333333281e+01 -1.250398783333333341e+02
4.515092500000000086e+01 -1.250408083333333309e+02
4.515083166666666870e+01 -1.250499499999999955e+02
4.515067666666666923e+01 -1.250647550000000052e+02
4.515050333333333299e+01 -1.250812800000000067e+02
4.515018166666666843e+01 -1.250929299999999955e+02
4.514985666666666475e+01 -1.250983066666666730e+02
4.514871333333333325e+01 -1.251157699999999977e+02
